
 line       object           ucode  source program

   1    (35  231    2)     main       proc         231     2     2
   2    (38    2    1)                sym            2     1   225
   3    (38    2  226)                sym            2   226     1
   4    (38    2  227)                sym            2   227     1
   5    (38    2  228)                sym            2   228     1
   6    (38    2  229)                sym            2   229     1
   7    (38    2  230)                sym            2   230     1
   8    (38    2  231)                sym            2   231     1
   9    (23          )                ldp
  10    (21    2  226)                lda            2   226
  11    (29   -1     )                call       read
  12    (34          )     $$0        nop
  13    (19    2  226)                lod            2   226
  14    (20    0     )                ldc            0
  15    (18          )                ne
  16    (28  129     )                fjp        $$1
  17    (19    2  226)                lod            2   226
  18    (20    2     )                ldc            2
  19    (10          )                mod
  20    (20    1     )                ldc            1
  21    (17          )                eq
  22    (28  124     )                fjp        $$2
  23    (19    2  226)                lod            2   226
  24    (19    2  226)                lod            2   226
  25    ( 8          )                mult
  26    (24    2  231)                str            2   231
  27    (20    0     )                ldc            0
  28    (24    2  227)                str            2   227
  29    (19    2  226)                lod            2   226
  30    (20    2     )                ldc            2
  31    ( 9          )                div
  32    (24    2  228)                str            2   228
  33    (19    2  227)                lod            2   227
  34    (19    2  226)                lod            2   226
  35    ( 8          )                mult
  36    (19    2  228)                lod            2   228
  37    ( 6          )                add
  38    (24    2  230)                str            2   230
  39    (20    0     )                ldc            0
  40    (24    2  229)                str            2   229
  41    (34          )     $$3        nop
  42    (19    2  229)                lod            2   229
  43    (19    2  231)                lod            2   231
  44    (14          )                lt
  45    (28   97     )                fjp        $$4
  46    (19    2  229)                lod            2   229
  47    ( 2          )                inc
  48    (24    2  229)                str            2   229
  49    (19    2  230)                lod            2   230
  50    (21    2    1)                lda            2     1
  51    ( 6          )                add
  52    (19    2  229)                lod            2   229
  53    (25          )                sti
  54    (19    2  229)                lod            2   229
  55    (19    2  226)                lod            2   226
  56    (10          )                mod
  57    (20    0     )                ldc            0
  58    (17          )                eq
  59    (28   64     )                fjp        $$5
  60    (19    2  227)                lod            2   227
  61    ( 2          )                inc
  62    (24    2  227)                str            2   227
  63    (26   71     )                ujp        $$6
  64    (34          )     $$5        nop
  65    (19    2  227)                lod            2   227
  66    ( 3          )                dec
  67    (24    2  227)                str            2   227
  68    (19    2  228)                lod            2   228
  69    ( 3          )                dec
  70    (24    2  228)                str            2   228
  71    (34          )     $$6        nop
  72    (19    2  227)                lod            2   227
  73    (20    0     )                ldc            0
  74    (14          )                lt
  75    (28   80     )                fjp        $$7
  76    (19    2  226)                lod            2   226
  77    (20    1     )                ldc            1
  78    ( 7          )                sub
  79    (24    2  227)                str            2   227
  80    (34          )     $$7        nop
  81    (19    2  228)                lod            2   228
  82    (20    0     )                ldc            0
  83    (14          )                lt
  84    (28   89     )                fjp        $$8
  85    (19    2  226)                lod            2   226
  86    (20    1     )                ldc            1
  87    ( 7          )                sub
  88    (24    2  228)                str            2   228
  89    (34          )     $$8        nop
  90    (19    2  227)                lod            2   227
  91    (19    2  226)                lod            2   226
  92    ( 8          )                mult
  93    (19    2  228)                lod            2   228
  94    ( 6          )                add
  95    (24    2  230)                str            2   230
  96    (26   41     )                ujp        $$3
  97    (34          )     $$4        nop
  98    (20    0     )                ldc            0
  99    (24    2  229)                str            2   229
 100    (34          )     $$9        nop
 101    (19    2  229)                lod            2   229
 102    (19    2  231)                lod            2   231
 103    (14          )                lt
 104    (28  123     )                fjp        $$10
 105    (23          )                ldp
 106    (19    2  229)                lod            2   229
 107    (21    2    1)                lda            2     1
 108    ( 6          )                add
 109    (22          )                ldi
 110    (29   -2     )                call      write
 111    (19    2  229)                lod            2   229
 112    ( 2          )                inc
 113    (24    2  229)                str            2   229
 114    (19    2  229)                lod            2   229
 115    (19    2  226)                lod            2   226
 116    (10          )                mod
 117    (20    0     )                ldc            0
 118    (17          )                eq
 119    (28  121     )                fjp        $$11
 120    (29   -3     )                call         lf
 121    (34          )     $$11       nop
 122    (26  100     )                ujp        $$9
 123    (34          )     $$10       nop
 124    (34          )     $$2        nop
 125    (23          )                ldp
 126    (21    2  226)                lda            2   226
 127    (29   -1     )                call       read
 128    (26   12     )                ujp        $$0
 129    (34          )     $$1        nop
 130    (30          )                ret
 131    (36          )                end
 132    (37    0     )                bgn            0
 133    (23          )                ldp
 134    (29    1     )                call        main
 135    (36          )                end


   ****    Result    ****

 120 103 86 69 52 35 18 1 224 207 190 173 156 139 122
 121 119 102 85 68 51 34 17 15 223 206 189 172 155 138
 137 135 118 101 84 67 50 33 16 14 222 205 188 171 154
 153 136 134 117 100 83 66 49 32 30 13 221 204 187 170
 169 152 150 133 116 99 82 65 48 31 29 12 220 203 186
 185 168 151 149 132 115 98 81 64 47 45 28 11 219 202
 201 184 167 165 148 131 114 97 80 63 46 44 27 10 218
 217 200 183 166 164 147 130 113 96 79 62 60 43 26 9
 8 216 199 182 180 163 146 129 112 95 78 61 59 42 25
 24 7 215 198 181 179 162 145 128 111 94 77 75 58 41
 40 23 6 214 197 195 178 161 144 127 110 93 76 74 57
 56 39 22 5 213 196 194 177 160 143 126 109 92 90 73
 72 55 38 21 4 212 210 193 176 159 142 125 108 91 89
 88 71 54 37 20 3 211 209 192 175 158 141 124 107 105
 104 87 70 53 36 19 2 225 208 191 174 157 140 123 106



             ##### Statistics #####


    ****  Static Instruction Counts  ****

inc    =  3       dec    =  2       add    =  4       sub    =  2       
mult   =  3       div    =  1       mod    =  3       lt     =  4       
eq     =  3       ne     =  1       lod    =  31      ldc    =  13      
lda    =  4       ldi    =  1       ldp    =  4       str    =  14      
sti    =  1       ujp    =  4       fjp    =  8       call   =  5       
ret    =  1       nop    =  12      proc   =  1       end    =  2       
bgn    =  1       sym    =  7       

    ****  Dynamic instruction counts  ****

inc    =  465       dec    =  420       add    =  676       sub    =  28        
mult   =  227       div    =  1         mod    =  451       lt     =  902       
eq     =  451       ne     =  2         lod    =  4526      ldc    =  936       
lda    =  452       ldi    =  225       ldp    =  228       str    =  1144      
sti    =  225       ujp    =  466       fjp    =  1355      call   =  243       
ret    =  1         nop    =  1568      proc   =  1         end    =  1         
bgn    =  1         sym    =  7         

 Executable instruction count  =   13425

 Total execution cycle         =   159205
